25 5121.061523 
0 2743.420654 
1 2957.500977 
2 3286.582520 
3 3956.981689 
4 3480.632080 
5 3379.994141 
6 3529.528320 
7 3233.033691 
8 3113.056396 
9 3067.748291 
10 3073.574707 
11 3130.724854 
12 3273.350586 
13 3304.588867 
14 3509.277100 
15 3451.106201 
16 3645.244385 
17 3384.491699 
18 3295.462158 
19 3279.728760 
20 3315.590088 
21 3401.300781 
22 3548.183594 
23 3787.403564 
24 4202.800293 
25 5121.061523 
26 4425.950195 
27 4320.145020 
28 4739.811523 
29 3893.142578 
30 3460.927002 
31 3175.106201 
32 2963.791016 
33 2797.435547 
34 2661.061035 
