15 650.671448 
0 196.852081 
1 202.527954 
2 213.459625 
3 215.628616 
4 223.278397 
5 231.867737 
6 241.616074 
7 252.824158 
8 0.000000 
9 3.023438 
10 300.628235 
11 324.846527 
12 0.000000 
13 6.110872 
14 480.421356 
15 650.671448 
16 -17426082479210496.000000 
17 416.060516 
18 376.065094 
19 350.788727 
20 334.299988 
21 0.000000 
22 10.008532 
23 0.008539 
24 0.000000 
25 0.000000 
26 0.000000 
27 0.000000 
28 0.000000 
29 0.000000 
30 0.000000 
31 650.671448 
32 0.000000 
33 -nan 
34 0.000000 
